1
909
20
308
1570
1838
58
354
1854
611
428
1408
827
565
1198
719
1701
1307
1329
2301
1570
2327
1436
2309
1408
1855
1852
2153
1665
2312
2078
2206
2162
2306
1334
604
1136
1644
1546
850
1889
1372
101
89
1997
628
203
260
1590
1918
869
2082
1446
1959
1954
1461
1059
587
2407
727
2264
1579
246
777
950
595
2380
1635
1204
2202
1246
1949
1374
1058
493
1702
2266
582
1601
882
2360
216
1158
1761
407
1911
1549
333
533
61
17
2083
369
1845
1375
1184
2141
41
1596
1137
160
0
35
I 136
I 42
I 48
I 129
I 111
I 106
I 100
I 131
I 19
I 40
I 91
I 137
I 87
R
R
R
R
I 33
I 151
I 164
I 55
R
I 20
I 14
I 43
I 18
I 44
I 6
I 4
I 95
R
R
R
R
R

